13468
13732
52378
42846
47506
20808
23595
40091
36152
50886
22906
34428
34941
77959
55276
32674
717134
24267
20385
88183
23180
37366
337768
2050340
36539
282581
818111
51221
247972
2029553
76414
47855
643745
2014902
35695
2874881
2786426
63924
737210
30982
78816
53018
41102
876938
123200
708680
105410
34364
1525714
16426
114458
700727
237076
623265
649250
522308
2577519
1649480
1948466
351724
696563
887525
917913
759645
789652
1084496
1958052
639093
1486657
79715
102074
869174
18984
1716
596860
95030
242249
314562
1234842
875163
282399
2175262
1848728
1737200
46087
1117820
2657583
831692
2299566
42564
501789
2069366
1740597
727346
1299366
787264
691789
197731
994344
316577
1931818
13468
13732
52378
42846
47506
20808
23595
40091
36152
50886
22906
34428
34941
