questions-capital-common-countries
1 35.3754940711
2 80.8300395257
3 86.9565217391
4 89.9209486166
5 92.2924901186
6 94.2687747036
7 96.04743083
8 96.442687747
9 96.6403162055
10 96.837944664
questions-capital-world
1 20.424403183
2 76.3262599469
3 84.0848806366
4 87.2458001768
5 88.9478337754
6 90.3846153846
7 91.290893015
8 91.8877099912
9 92.5950486295
10 92.9487179487
questions-currency
1 7.39030023095
2 29.4457274827
3 37.9907621247
4 43.1870669746
5 45.8429561201
6 47.6905311778
7 48.8452655889
8 50.8083140878
9 51.7321016166
10 53.233256351
questions-city-in-state
1 7.90433725172
2 65.4641264694
3 75.4762869882
4 79.327117957
5 82.3672476692
6 84.4750709364
7 85.2857721929
8 86.3802188893
9 86.9071747061
10 87.3935954601
questions-family
1 34.9802371542
2 79.8418972332
3 87.9446640316
4 91.3043478261
5 93.6758893281
6 94.6640316206
7 95.256916996
8 95.652173913
9 96.442687747
10 97.233201581
questions-gram1-adjective-to-adverb
1 1.71370967742
2 24.0927419355
3 32.8629032258
4 39.6169354839
5 44.6572580645
6 48.689516129
7 52.0161290323
8 54.3346774194
9 56.8548387097
10 59.2741935484
questions-gram2-opposite
1 1.84729064039
2 27.2167487685
3 42.9802955665
4 48.3990147783
5 51.8472906404
6 54.5566502463
7 57.1428571429
8 58.4975369458
9 59.7290640394
10 60.3448275862
questions-gram3-comparative
1 37.6126126126
2 86.4114114114
3 92.1921921922
4 95.2702702703
5 95.8708708709
6 96.3963963964
7 96.8468468468
8 97.2972972973
9 97.5975975976
10 97.7477477477
questions-gram4-superlative
1 20.8556149733
2 59.8039215686
3 86.8092691622
4 92.7807486631
5 95.3654188948
6 96.3458110517
7 97.1479500891
8 97.8609625668
9 98.4848484848
10 98.4848484848
questions-gram5-present-participle
1 6.06060606061
2 77.6515151515
3 83.6174242424
4 89.3939393939
5 93.3712121212
6 95.1704545455
7 96.4015151515
8 97.1590909091
9 97.6325757576
10 98.1060606061
questions-gram6-nationality-adjective
1 75.7348342714
2 92.2451532208
3 94.4965603502
4 95.1219512195
5 95.2470293934
6 95.4346466542
7 95.559724828
8 96.3727329581
9 96.6228893058
10 96.7479674797
questions-gram7-past-tense
1 10.3205128205
2 64.0384615385
3 79.9358974359
4 88.2692307692
5 90.8974358974
6 92.8205128205
7 93.9743589744
8 95.0641025641
9 95.7692307692
10 96.1538461538
questions-gram8-plural
1 5.03003003003
2 88.6636636637
3 93.018018018
4 93.7687687688
5 95.045045045
6 95.4204204204
7 95.8708708709
8 96.021021021
9 96.3213213213
10 96.6966966967
questions-gram9-plural-verbs
1 15.632183908
2 67.3563218391
3 77.5862068966
4 83.5632183908
5 87.2413793103
6 88.8505747126
7 90.2298850575
8 90.9195402299
9 91.6091954023
10 92.2988505747
